4294967294,0
4294967278,89
4294967278,77
4294967278,76
4294967278,74
4294967278,68
4294967278,67
4294967278,66
4294967278,64
4294967278,59
4294967278,58
4294967278,57
4294967278,55
4294967278,48
4294967278,47
4294967278,45
4294967278,293
4294967278,292
4294967279,69
4294967279,68
4294967279,67
4294967279,66
4294967279,65
4294967279,64
4294967279,63
4294967279,62
4294967279,61
4294967279,60
4294967279,59
4294967279,58
4294967279,57
4294967279,56
4294967279,55
4294967279,54
4294967279,52
4294967279,51
4294967279,50
4294967279,49
4294967279,48
4294967279,47
4294967279,46
4294967279,45
4294967279,44
4294967279,43
4294967279,42
4294967279,41
4294967279,40
4294967279,39
4294967279,296
4294967279,35
4294967279,33
4294967279,31
4294967279,30
4294967279,29
4294967279,27
4294967279,26
4294967279,419
4294967279,0
4294967279,53
4294967294,17
4294967294,99
4294967294,76
4294967294,18
4294967294,127
4294967294,14
4294967294,126
4294967294,20
4294967294,13
4294967279,162
4294967279,161
4294967278,159
4294967278,157
4294967278,156
4294967294,10
4294967294,1160
4294967294,1159
4294967294,1157
4294967294,1156
4294967294,1154
4294967294,1153
4294967294,1085
4294967294,1082
4294967294,1081
4294967294,1080
4294967294,1079
4294967294,1077
4294967294,1075
4294967294,1074
4294967294,1069
4294967294,1066
4294967294,420
4294967294,401
4294967294,185
4294967294,182
4294967294,173
4294967294,161
4294967279,155
4294967279,154
4294967294,42
4294967294,67
4294967279,152
4294967278,151
4294967294,25
4294967294,175
4294967294,183
4294967294,160
4294967294,92
4294967294,88
4294967294,104
4294967294,106
4294967294,166
4294967294,24
4294967294,398
4294967294,1248
4294967294,1420
4294967294,52
4294967294,470
4294967294,1421
4294967294,26
4294967294,1249
4294967294,1163
4294967294,30
4294967294,1239
4294967294,1238
4294967294,1236
4294967294,1235
4294967294,1230
4294967294,1219
4294967294,1063
4294967294,1061
4294967294,1060
4294967294,1059
4294967294,1058
4294967294,60
4294967294,425
4294967294,68
4294967294,7
4294967294,1087
4294967294,8
4294967294,437
4294967294,12
4294967294,11
4294967294,22
4294967279,418
4294967279,38
4294967279,417
4294967279,37
4294967279,36
4294967279,147
4294967278,146
4294967294,187
4294967279,34
4294967279,146
4294967278,145
4294967279,145
4294967278,144
4294967279,32
4294967279,143
4294967279,140
4294967278,142
33,6
4294967279,142
33,5
4294967278,141
33,4
33,3
33,2
33,1
4294967279,28
4294967278,140
4294967293,131
4294967293,130
4294967293,129
4294967293,128
4294967293,127
4294967293,126
4294967293,125
4294967293,124
4294967293,123
4294967293,122
4294967293,121
4294967293,120
4294967293,119
4294967293,118
4294967293,117
4294967293,116
4294967293,115
4294967293,114
4294967293,113
4294967293,112
4294967293,111
4294967293,110
4294967293,109
4294967293,108
4294967293,107
4294967293,106
4294967293,105
4294967293,104
4294967293,103
4294967293,102
4294967293,101
4294967293,100
4294967293,99
4294967293,98
4294967293,97
4294967293,96
4294967293,95
4294967293,94
4294967293,93
4294967293,92
4294967293,91
4294967293,90
4294967293,89
4294967293,87
4294967293,86
4294967293,85
4294967293,84
4294967293,83
4294967293,82
4294967293,81
4294967293,80
4294967293,79
4294967293,78
4294967293,77
4294967293,76
4294967293,75
4294967293,74
4294967293,73
4294967293,72
4294967293,71
4294967293,70
4294967293,69
4294967293,68
4294967293,67
4294967293,66
4294967293,65
4294967293,64
4294967293,63
4294967293,62
4294967293,61
4294967293,60
4294967293,59
4294967293,58
4294967293,57
4294967293,56
4294967293,55
4294967293,54
4294967293,53
4294967293,52
4294967293,51
4294967293,50
4294967293,49
4294967293,48
4294967293,47
4294967293,46
4294967293,45
4294967293,44
4294967293,43
4294967293,42
4294967293,41
4294967293,40
4294967293,39
4294967293,38
4294967293,37
4294967293,36
4294967293,35
4294967293,34
4294967293,33
4294967293,32
4294967293,31
4294967293,30
4294967293,29
4294967293,28
4294967293,27
4294967293,26
4294967293,25
4294967293,24
4294967293,23
4294967293,22
4294967293,21
4294967293,20
4294967293,19
4294967293,18
4294967293,17
4294967293,16
4294967293,15
4294967293,14
4294967293,13
4294967293,12
4294967293,11
4294967293,10
4294967293,9
4294967293,8
4294967293,7
4294967293,6
4294967293,5
4294967293,4
4294967293,3
4294967278,124
4294967278,122
4294967278,119
4294967278,117
4294967278,116
4294967278,112
4294967278,108
4294967278,106
4294967278,105
4294967278,99
4294967278,97
4294967278,96
4294967278,86
4294967278,85
4294967278,84
4294967278,83
4294967278,82
4294967278,81
4294967278,75
4294967278,73
4294967278,72
4294967278,65
4294967278,63
4294967278,62
4294967278,54
4294967278,53
4294967278,52
4294967278,51
4294967278,50
4294967278,49
4294967278,42
4294967278,40
4294967278,37
4294967278,36
